% Name		: Pooja Ingalagi
% BITS ID	: 2020HT01121
% Description	: This file consists of MATLAB script to analyse PPG information 
%		  and extract blood pressure related information.

% Load necessary packages
pkg load signal

% Sample signal to perform analysis on
x = [509,508,509,509,509,509,510,509,509,510,510,510,510,510,510,510,511,510,510,510,510,510,510,511,510,510,510,510,509,510,510,510,509,510,509,509,510,510,509,510,510,509,509,509,509,509,510,509,510,510,510,509,510,510,509,510,510,510,510,510,510,509,509,509,509,509,510,509,509,510,510,511,511,511,510,511,511,511,511,512,511,512,512,512,511,512,513,512,512,513,512,512,513,512,511,512,512,511,511,511,510,510,511,510,510,510,510,509,510,510,509,509,510,509,509,510,509,509,509,510,509,510,510,510,510,511,510,509,510,510,509,510,510,510,510,510,510,510,510,510,509,510,510,510,510,510,510,510,510,510,510,510,510,510,510,510,510,510,510,510,509,510,510,509,510,510,509,509,510,509,509,510,510,509,510,510,509,509,510,510,509,510,509,509,509,509,509,509,510,509,509,509,509,509,510,510,510,510,511,511,511,512,511,511,512,512,512,512,513,513,513,513,513,513,513,513,512,513,512,512,512,512,512,512,512,511,511,511,511,510,511,511,511,510,510,509,510,510,510,509,510,510,509,510,510,509,509,510,510,509,509,510,509,510,510,510,509,510,509,509,510,510,510,510,510,510,509,511,510,509,510,510,510,511,510,510,510,510,510,510,510,511,510,510,511,510,510,510,510,510,510,509,508,509,509,509,509,510,510,509,510,509,509,510,510,509,510,510,509,509,510,510,509,510,510,510,510,510,510,511,511,511,511,512,512,511,513,513,513,513,514,514,514,515,514,513,514,514,514,514,514,513,513,513,513,513,513,513,512,512,512,511,511,511,511,510,511,510,509,510,510,510,509,510,509,509,509,509,509,509,509,508,509,509,509,509,510,509,509,510,510,509,510,510,510,510,510,511,510,511,510,510,511,511,511,511,511,510,511,511,511,510,511,510,510,510,511,510,510,510,510,509,510,510,509,510,510,509,509,509,509,509,509,509,509,509,509,508,509,510,509,509,509,509,509,509,509,509,509,509,509,509,510,510,511,511,511,511,512,513,513,513,514,514,514,515,514,514,515,516,515,515,515,514,515,515,515,514,514,514,513,513,513,512,512,513,511,511,511,511,510,510,510,509,509,510,510,509,510,509,509,509,509,509,509,510,509,509,510,510,510,510,510,509,510,510,510,510,511,510,510,510,510,510,510,510,510,510,511,511,511,510,510,509,510,510,509,510,510,509,509,510,510,509,510,510,509,510,510,509,509,509,509,509,509,509,508,509,509,508,509,509,509,509,509,509,509,509,509,509,509,509,509,509,510,509,509,510,510,510,510,511,511,511,512,512,513,514,514,514,514,514,515,515,516,516,515,515,515,515,515,515,514,514,514,513,514,514,513,512,512,512,511,510,512,510,511,511,510,509,509,509,509,509,509,509,509,509,509,509,509,509,507,508,509,508,508,509,509,509,509,509,509,509,509,509,509,510,509,510,510,510,510,511,510,509,510,510,510,510,510,510,510,510,509,509,510,510,509,509,510,509,509,509,509,508,509,509,508,508,509,508,508,509,509,508,508,508,508,508,509,508,508,509,509,508,509,508,508,508,509,508,508,509,508,508,509,509,508,509,510,509,510,511,511,512,513,513,512,514,514,514,515,515,515,516,516,516,515,516,516,515,516,515,515,514,514,514,513,513,512,511,512,511,510,510,510,510,509,509,509,508,509,509,508,508,509,508,508,508,508,508,509,508,508,508,508,508,508,509,509,509,509,509,509,509,509,509,510,510,509,509,509,510,509,510,510,510,510,510,510,509,510,510,509,509,510,509,509,509,509,509,510,509,509,509,509,508,509,509,508,508,509,508,508,508,508,507,508,508,508,508,509,508,508,508,508,508,508,508,507,508,508,507,507,508,508,508,508,508,507,508,508,508,508,509,508,508,508,508,507,508,509,508,509,509,508,509,509,509,509,510,510,510,511,511,511,513,513,513,514,515,514,514,515,515,514,515,515,515,514,515,514,513,514,513,513,512,513,512,511,511,510,510,509,510,509,509,509,508,508,508,508,508,508,508,507,508,507,507,507,508,507,507,508,507,507,509,508,508,508,509,509,509,509,510,509,510,510,509,510,510,510,510,511,510,510,511,510,509,510,510,509,510,510,510,510,510,509,509,509,509,508,509,509,508,509,509,508,508,509,508,507,509,508,508,508,509,508,508,508,508,507,508,508,508,507,508,507,508,508,507,507,508,508,507,508,508,508,508,508,507,507,508,508,507,508,508,508,508,509,509,509,510,510,510,511,512,512,513,514,514,514,515,515,515,516,516,515,515,515,515,514,515,514,514,514,513,512,513,513,511,511,511,511,510,510,510,509,509,509,509,509,509,509,508,508,508,507,508,508,507,508,508,508,508,508,508,507,508,508,507,508,509,508,509,509,509,509,509,509,509,509,510,509,509,510,510,510,510,509,509,509,510,509,510,510,509,509,509,509,508,510,509,508,509,509,508,508,508,508,508,509,508,507,508,508,508,508,508,508,508,508,508,507,508,508,508,508,508,508,508,508,508,507,508,508,507,508,508,508,508,509,508,508,508,508,508,508,508,508,508,508,508,508,508,508,508,509,509,509,509,510,510,510,511,512,511,513,513,512,514,514,514,514,515,515,515,515,515,515,515,514,514,514,514,514,513,513,512,511,511,510,510,510,510,509,509,509,509,508,508,508,507,508,507,507,507,508,507,507,508,508,507,508,508,508,508,509,509,508,509,509,508,509,509,509,509,510,509,509,509,509,509,509,510,509,509,510,510,509,510,509,509,509,509,509,509,509,509,508,509,509,508,509,508,507,508,508,508,508,509,508,508,509,508,508,508,509,508,508,508,508,508,509,509,508,508,508,507,508,508,508,508,508,508,508,508,508,507,508,508,508,508,508,508,508,508,508,507,508,508,507,508,508,507,507,508,508,508,508,508,507,508,508,508,508,509,508,509,509,509,510,510,510,511,511,513,513,513,514,514,513,515,515,514,515,515,515,514,515,514,514,514,513,513,513,513,512,511,512,511,511,510,510,509,509,509,508,509,509,508,508,508,508,507,508,508,507,507,508,507,507,508,508,507,508,508,507,508,508,508,508,508,508,508,508,508,508,509,509,509,509,509,509,509,509,509,508,508,508,508,509,509,508,509,509,508,508,508,508,508,508,508,507,508,509,508,508,508,508,508,508,509,508,508,509,508,508,509,508,507,508,508,507,507,508,508,508,508,507,507,508,508,507,508,508,507,508,508,508,508,508,508,508,508,509,508,508,509,509,508,509,508,508,508,508,508,508,509,508,508,509,508,508,509,508,508,509,509,509,510,511,510,511,511,511,511,513,513,513,513,514,514,514,515,514,514,514,514,514,514,514,513,513,513,513,512,512,511,510,511,511,509,510,510,509,509,509,509,508,508,507,507,508,508,507,507,507,507,507,507,507,506,508,508,508,508,509,508,507,509,508,508,508,509,508,509,509,509,509,510,509,509,509,509,509,509,510,509,509,510,509,509,509,509,509,509,509,509,508,509,508,508,509,508,507,508,508,508,508,508,508,507,508,508,507,507,507,507,507,508,507,507,508,507,506,507,507,507,508,508,508,508,509,509,507,509,508,508,508,508,507,508,508,508,508,509,508,508,509,509,509,509,511,510,511,511,511,512,513,512,512,513,514,513,513,514,513,512,514,513,512,513,513,512,511,512,511,511,511,510,509,510,510,509,509,510,508,508,509,508,507,508,508,508,508,508,508,508,508,508,507,509,509,508,508,508,508,508,509,508,508,509,509,508,508,509,508,508,509,508,509,509,509,508,509,509,508,509,509,509,509,509,508,508,509,509,509,509,509,509,509,510,508,509,509,509,508,509,508,508,508,509,508,508,508,508,507,509,508,508,508,508,508,507,509,508,507,509,508,507,508,508,507,508,509,508,508,509,509,508,510,510,511,511,512,512,513,514,514,514,515,516,516,516,516,515,515,515,514,514,514,513,513,513,512,512,511,511,510,510,510,509,508,508,508,508,508,508,507,508,508,507,506,507,507,507,507,508,507,508,509,507,508,508,508,507,508,509,508,508,508,508,508,509,509,508,509,509,508,509,509,508,509,509,509,508,509,509,508,509,509,508,509,509,509,508,509,508,508,509,510,509,510,510,509,510,511,510,511,511,511,510,511,511,510,510,509,510,511,512,512,511,509,510,508,508,507,506,505,505,505,504,505,505,505,505,507,507,507,507,509,510,511,510,511,513,514,513,514,515,515,514,515,514,515,514,514,514,514,515,514,514,514,513,512,512,512,510,510,510,509,508,508,508,507,507,508,507,507,508,507,508,509,508,508,508,509,509,511,512,512,513,514,515,513,514,514,513,513,513,512,512,514,514,514,514,514,512,511,510,